date,65807,65802,65804,65810,65806,65809
2018-05-01,124546.0389142136,97684.46416068978,148184.83245055884,201396.9685174965,62314.17808167241,273671.9889820136
2018-06-01,125169.80256174305,98064.24999083215,149353.7608995708,202105.99387418645,62429.80300337964,276407.3385425306
2018-07-01,125760.38178949199,98360.36477622908,150456.5880944295,202585.4490808298,62546.87476512167,278833.9865356509
2018-08-01,126364.4013311151,98595.12688634908,151522.16343711634,202962.98646550204,62665.39336689851,281084.68573596945
2018-09-01,126997.88822055701,98788.00493888468,152567.1986160069,203300.20155358818,62785.35880871017,283236.7523893211
2018-10-01,127659.71072999165,98954.19298190242,153601.37426602532,203625.68657405837,62906.77109055663,285335.21607710805
2018-11-01,128341.9301773611,99104.63058289085,154630.29812053926,203951.82731354065,63029.6302124379,287406.30237688345
2018-12-01,129035.99132425954,99246.66701093731,155657.218589779,204283.26562674018,63153.93617435398,289465.2852684752
2019-01-01,129735.46326774759,99384.91163088431,156684.01739106813,204621.10842775632,63279.68897630487,291521.06043623225
2019-02-01,130436.58602721507,99522.03674398756,157711.78455301604,204964.9800946439,63406.88861829057,293578.80879573314
2019-03-01,131137.75430328285,99659.43549258538,158741.15150009567,205313.9920287302,63535.53510031108,295641.547752405
2019-04-01,131838.70373371933,99797.71353022622,159772.48399964703,205667.17640419878,63665.6284223664,297711.0346665779
2019-05-01,132539.80006939344,99937.03051732937,160805.9939309253,206023.66074936753,63797.16858445652,299788.29303854186
2019-06-01,133241.5688332671,100077.32176249115,161841.80402992648,206382.72173202783,63930.15558658146,301873.9189628063
2019-07-01,133944.45565135396,100218.432047492,162879.9853943364,206743.78621620906,64064.58942874121,303968.25960943796
2019-08-01,134648.74900591464,100360.18950972674,163920.5792091463,207106.4122067447,64200.47011093576,306071.51717297715
2019-09-01,135354.59189437638,100502.44129802294,164963.60933172214,207470.26464303787,64337.79763316513,308183.8094130928
2019-10-01,136062.0271452395,100645.0666154688,166009.08958199908,207835.0923771063,64476.5719954293,310305.2049139297
2019-11-01,136771.04409567255,100787.97762510153,167057.0279654966,208200.70858243515,64616.793197728286,312435.74361942575
2019-12-01,137481.61284763343,100931.11477978692,168107.42911959847,208566.97500028473,64758.46124006208,314575.4487932404
2020-01-01,138193.70383765537,101074.44037383588,169160.29573061722,208933.78968041696,64901.576122430684,316724.3339843094
2020-02-01,138907.295866292,101217.93229116323,170215.62935466203,209301.07763363514,65046.1378448341,318882.40708363795
2020-03-01,139622.3771037364,101361.57880425421,171273.4308931454,209668.78379824338,65192.14640727232,321049.67268700874
2020-04-01,140338.94290038513,101505.37464474938,172333.70086823154,210036.86779418917,65339.60180974535,323226.1334710413
